Timestep,Cart Position,Cart Velocity,Pole Angle,Pole Angular Velocity
0,1,5,3,11
1,1,6,3,4
2,1,5,3,11
3,1,6,3,4
4,1,5,3,11
5,1,6,3,3
6,1,5,3,11
7,1,5,3,3
8,1,5,3,11
9,1,6,3,3
10,1,5,3,11
11,1,6,4,3
12,1,6,3,0
13,1,6,3,3
14,1,5,3,11
15,1,6,3,2
16,1,6,3,0
17,1,6,3,2
18,1,6,3,0
19,1,6,3,2
20,1,6,3,0
21,1,6,3,1
22,1,6,3,0
23,1,5,3,0
24,1,5,3,9
25,1,5,3,11
26,1,5,3,7
27,1,5,3,11
28,1,5,3,7
29,1,5,3,11
30,1,5,3,6
31,1,6,3,0
32,1,5,3,5
33,1,5,3,11
34,1,5,3,4
35,1,5,3,11
36,1,5,3,3
37,1,5,3,11
38,1,5,3,3
39,1,5,3,11
40,1,5,3,2
41,1,5,3,11
42,1,5,3,2
43,1,5,3,11
44,1,5,3,1
45,1,5,3,10
46,1,5,3,11
47,1,5,3,10
48,1,5,3,11
49,1,5,3,9
50,1,5,3,11
51,1,5,4,9
52,1,5,4,0
53,1,6,4,0
54,1,5,3,0
55,1,5,3,9
56,1,5,3,11
57,1,5,4,9
58,1,5,3,0
59,1,5,3,9
60,1,5,4,11
61,1,5,4,9
62,1,5,4,0
63,1,6,4,0
64,0,5,4,0
65,1,5,3,9
66,1,5,4,11
67,0,5,4,9
68,1,5,4,0
69,1,6,4,0
70,1,5,4,1
71,1,6,3,0
72,1,5,3,0
73,1,5,3,10
74,1,5,3,11
75,1,5,3,9
76,1,5,3,11
77,1,5,4,9
78,1,5,4,0
79,1,6,3,0
80,1,5,3,0
81,1,5,3,9
82,1,5,3,11
83,0,5,3,9
84,1,5,4,0
85,1,6,4,0
86,1,5,3,0
87,1,5,3,9
88,1,5,3,11
89,0,5,3,9
90,1,5,3,0
91,0,5,3,9
92,1,5,4,0
93,0,6,3,0
94,1,5,3,0
95,1,5,3,8
96,0,5,3,11
97,1,5,3,8
98,1,5,3,11
99,0,5,3,8
100,1,5,4,11
101,1,5,4,8
102,1,5,4,0
103,0,6,4,0
104,1,5,3,0
105,1,5,3,8
106,0,5,3,11
107,1,5,4,8
108,1,5,3,0
109,1,5,3,8
110,1,5,3,11
111,0,5,3,8
112,0,5,4,11
113,1,5,4,8
114,0,5,4,0
115,0,5,4,8
116,1,5,4,11
117,1,5,4,8
118,0,5,4,0
119,1,5,4,9
120,1,5,4,0
121,1,6,4,0
122,0,5,4,0
123,0,5,4,9
124,0,5,4,0
125,1,5,4,9
126,0,5,4,0
127,0,5,4,9
128,1,5,4,0
129,1,6,3,0
130,0,5,3,0
131,1,6,3,0
132,0,5,3,0
133,1,6,3,0
134,1,5,3,0
135,0,5,3,8
136,0,5,3,11
137,0,5,3,7
138,0,5,3,11
139,0,5,3,6
140,0,5,3,11
141,0,5,3,6
142,0,5,3,11
143,0,5,3,5
144,0,5,3,0
145,0,6,3,0
146,0,5,3,0
147,0,6,3,0
148,0,5,3,0
149,0,6,3,0
150,1,5,2,0
151,0,6,2,0
152,0,5,2,0
153,0,6,2,0
154,1,5,2,0
155,0,6,1,0
156,0,5,1,0
157,0,5,1,0
158,0,5,1,3
159,0,5,1,11
160,0,5,1,11
161,0,5,1,11
162,1,5,1,11
163,0,5,1,11
164,0,5,2,11
165,0,5,2,11
166,0,5,3,11
167,0,5,3,11
168,0,5,3,10
169,0,5,3,1
170,0,5,3,10
171,0,5,3,1
172,0,5,3,10
173,0,5,3,0
174,0,5,3,0
175,0,5,3,0
176,0,5,3,0
177,0,6,2,0
178,0,5,2,0
179,0,6,2,0
180,0,5,1,0
181,0,5,1,0
182,0,5,0,0
183,0,5,0,0
184,0,5,0,0
185,0,5,0,5
